0000;Willekeurig;1;0;0;0;0000;0000;0000;0000;
0001;Meester Thomas;68;60;46;66;0054;0055;0056;0057;
0002;Prins Loeno;76;53;48;48;0005;0006;0007;0008;
0003;Prinses Loentje;72;48;52;53;0009;0010;0011;0012;
0004;?;1;0;0;0;0000;0000;0000;0000;
0005;?;1;0;0;0;0000;0000;0000;0000;
0006;?;1;0;0;0;0000;0000;0000;0000;
0007;?;1;0;0;0;0000;0000;0000;0000;
0008;?;1;0;0;0;0000;0000;0000;0000;
0009;?;1;0;0;0;0000;0000;0000;0000;
0010;?;1;0;0;0;0000;0000;0000;0000;
0011;?;1;0;0;0;0000;0000;0000;0000;
0012;Mario;75;50;48;52;0058;0026;0035;0059;Vuur;Licht
0013;Luigi;73;52;46;54;0060;0025;0043;0061;Wind;Natuur
0014;Peach;79;51;48;47;0062;0024;0037;0063;Licht;Vuur
0015;Daisy;73;54;46;52;0064;0023;0045;0065;Natuur;Wind